===== Evaluación ./checkpoints_birds/fase1_MViT/pdan_MViT_1_l3_f512/pdan_MViT_1_l3_f512_best_map.pt =====

---- Split: Validation ----
Tracks (45)
mAP: 52.72% | wAP: 71.48% | Acc: 73.17% | F1w: 72.32%

Matriz de confusión:
[[11324    48    32   620    93     0   442]
[  399  1544    52     0   564     0    16]
[  230     0  2791     0     0     0     0]
[  515     0     0  1719   322     0   333]
[ 1042    56     0   510   715     0   224]
[   16     0     0   229     4     0     0]
[  314     0    85   282   526     0   873]]

---- Split: Test ----
Tracks (51)
mAP: 37.41% | wAP: 55.06% | Acc: 53.71% | F1w: 51.81%

Matriz de confusión:
[[9573    0  176 2051  194    0  935]
[   0  963    0    0  384    0  266]
[ 961   50  724    0    0    0    0]
[ 684    0    0 1920  146    0   29]
[1045    0    0 2184  618    0   89]
[ 127    0    0  177   18    0    0]
[1546   43  764   52  448    0  553]]

---- Split: Combined ----
Tracks (96)
mAP: 45.39% | wAP: 62.93% | Acc: 63.29% | F1w: 61.97%

Matriz de confusión:
[[20897    48   208  2671   287     0  1377]
[  399  2507    52     0   948     0   282]
[ 1191    50  3515     0     0     0     0]
[ 1199     0     0  3639   468     0   362]
[ 2087    56     0  2694  1333     0   313]
[  143     0     0   406    22     0     0]
[ 1860    43   849   334   974     0  1426]]

===== Evaluación ./checkpoints_birds/fase1_MViT/pdan_MViT_1_l5_f256/pdan_MViT_1_l5_f256_best_map.pt =====

---- Split: Validation ----
Tracks (45)
mAP: 50.32% | wAP: 68.86% | Acc: 71.22% | F1w: 69.93%

Matriz de confusión:
[[11468     0    16   522    29     0   524]
[  493   976    36    52   418     0   600]
[  230    16  2775     0     0     0     0]
[  397     0     0  1633   322     0   537]
[ 1220     0     0   506   557     0   264]
[   16     0     0   229     4     0     0]
[  304     0    85   114   526     0  1051]]

---- Split: Test ----
Tracks (51)
mAP: 36.40% | wAP: 53.88% | Acc: 51.52% | F1w: 49.46%

Matriz de confusión:
[[9390    0  111 1808  473    0 1147]
[   0 1005    0    0  384    0  224]
[1216   89  430    0    0    0    0]
[ 787    0    0 1793  135    0   64]
[ 973    0    0 2119  618    0  226]
[  72    0    0  232   18    0    0]
[1642  234  595    0  404    0  531]]

---- Split: Combined ----
Tracks (96)
mAP: 43.38% | wAP: 60.64% | Acc: 61.22% | F1w: 59.95%

Matriz de confusión:
[[20858     0   127  2330   502     0  1671]
[  493  1981    36    52   802     0   824]
[ 1446   105  3205     0     0     0     0]
[ 1184     0     0  3426   457     0   601]
[ 2193     0     0  2625  1175     0   490]
[   88     0     0   461    22     0     0]
[ 1946   234   680   114   930     0  1582]]

===== Evaluación ./checkpoints_birds/fase1_MViT/pdan_MViT_1_l5_f512/pdan_MViT_1_l5_f512_best_map.pt =====

---- Split: Validation ----
Tracks (45)
mAP: 53.06% | wAP: 70.95% | Acc: 72.02% | F1w: 70.70%

Matriz de confusión:
[[11407     0    96   506    32     0   518]
[  450  1510    52     0   513     0    50]
[  230     0  2791     0     0     0     0]
[  581     0     0  1409   384     0   515]
[ 1276    10     0   529   443     0   289]
[   16     0     0   229     4     0     0]
[  344     0    85    63   480     0  1108]]

---- Split: Test ----
Tracks (51)
mAP: 39.22% | wAP: 56.20% | Acc: 52.27% | F1w: 49.61%

Matriz de confusión:
[[9783    0   64 1571  276    0 1235]
[  16  947   16    0  368    0  266]
[1281   66  388    0    0    0    0]
[ 941    0    0 1748   32    0   58]
[1403    0    0 1684  554    0  295]
[ 143    0    0  161   18    0    0]
[1537   27  780   52  464    0  546]]

---- Split: Combined ----
Tracks (96)
mAP: 46.30% | wAP: 63.20% | Acc: 61.99% | F1w: 60.30%

Matriz de confusión:
[[21190     0   160  2077   308     0  1753]
[  466  2457    68     0   881     0   316]
[ 1511    66  3179     0     0     0     0]
[ 1522     0     0  3157   416     0   573]
[ 2679    10     0  2213   997     0   584]
[  159     0     0   390    22     0     0]
[ 1881    27   865   115   944     0  1654]]

===== Evaluación ./checkpoints_birds/fase1_MViT/pdan_MViT_1_l5_f1024/pdan_MViT_1_l5_f1024_best_map.pt =====

---- Split: Validation ----
Tracks (45)
mAP: 52.45% | wAP: 70.78% | Acc: 68.84% | F1w: 67.41%

Matriz de confusión:
[[11234     0    64   519    16     0   726]
[  512  1056    52     0   451     0   504]
[  230    16  2775     0     0     0     0]
[  727     0     0  1357   290     0   515]
[ 1303     0     0   488   409     0   347]
[   16     0     0   229     4     0     0]
[  314     0    85   159   510     0  1012]]

---- Split: Test ----
Tracks (51)
mAP: 36.28% | wAP: 53.42% | Acc: 50.18% | F1w: 47.47%

Matriz de confusión:
[[9789    0   64 1761  276    0 1039]
[  16 1005   16    0  368    0  208]
[1217   89  429    0    0    0    0]
[1377    0    0 1196   80    0  126]
[1515    0    0 1707  538    0  176]
[ 149    0    0  123   18    0   32]
[1553  154  723   45  480    0  451]]

---- Split: Combined ----
Tracks (96)
mAP: 44.34% | wAP: 61.23% | Acc: 59.37% | F1w: 57.59%

Matriz de confusión:
[[21023     0   128  2280   292     0  1765]
[  528  2061    68     0   819     0   712]
[ 1447   105  3204     0     0     0     0]
[ 2104     0     0  2553   370     0   641]
[ 2818     0     0  2195   947     0   523]
[  165     0     0   352    22     0    32]
[ 1867   154   808   204   990     0  1463]]

===== Evaluación ./checkpoints_birds/fase1_MViT/pdan_MViT_1_l7_f512/pdan_MViT_1_l7_f512_best_map.pt =====

---- Split: Validation ----
Tracks (45)
mAP: 51.68% | wAP: 68.42% | Acc: 70.10% | F1w: 70.10%

Matriz de confusión:
[[10550     0    64  1075   371     0   499]
[  401  1494    52     0   562     0    66]
[  230     0  2791     0     0     0     0]
[  766     0     0  1637   146     0   340]
[  709    42     0   754   871     0   171]
[    0     0     0   245     4     0     0]
[  304     0    85   337   526     0   828]]

---- Split: Test ----
Tracks (51)
mAP: 39.62% | wAP: 56.34% | Acc: 47.07% | F1w: 46.79%

Matriz de confusión:
[[7802    0  175 2750  760    0 1442]
[   0  989   16    0  384    0  224]
[1120   89  526    0    0    0    0]
[ 340    0    0 2190  112    0  137]
[ 688    0    0 2548  602    0   98]
[   6    0    0  286   30    0    0]
[1148  154  691  370  576    0  467]]

---- Split: Combined ----
Tracks (96)
mAP: 46.05% | wAP: 62.32% | Acc: 58.41% | F1w: 58.65%

Matriz de confusión:
[[18352     0   239  3825  1131     0  1941]
[  401  2483    68     0   946     0   290]
[ 1350    89  3317     0     0     0     0]
[ 1106     0     0  3827   258     0   477]
[ 1397    42     0  3302  1473     0   269]
[    6     0     0   531    34     0     0]
[ 1452   154   776   707  1102     0  1295]]

===== Evaluación ./checkpoints_birds/fase1_MViT/pdan_MViT_2_l5_f384/pdan_MViT_2_l5_f384_best_map.pt =====

---- Split: Validation ----
Tracks (45)
mAP: 51.63% | wAP: 69.35% | Acc: 67.40% | F1w: 66.86%

Matriz de confusión:
[[10766     0    80   794    11     0   908]
[  475   964     0     0   568     0   568]
[  230   124  2667     0     0     0     0]
[  512     0     0  1449   402     0   526]
[ 1015     0     0   686   473     0   373]
[   16     0     0   202     4     0    27]
[  298     0    85     5   542     0  1150]]

---- Split: Test ----
Tracks (51)
mAP: 36.10% | wAP: 54.25% | Acc: 49.61% | F1w: 47.43%

Matriz de confusión:
[[9391    0  112 1922  621    0  883]
[   0  995    0    0  384    0  234]
[1185  153  397    0    0    0    0]
[1262    0    0 1335   71    0  111]
[1506    0    0 1609  602    0  219]
[  54    0    0  238   30    0    0]
[1514  212  595    0  548    0  537]]

---- Split: Combined ----
Tracks (96)
mAP: 42.83% | wAP: 60.28% | Acc: 58.37% | F1w: 57.38%

Matriz de confusión:
[[20157     0   192  2716   632     0  1791]
[  475  1959     0     0   952     0   802]
[ 1415   277  3064     0     0     0     0]
[ 1774     0     0  2784   473     0   637]
[ 2521     0     0  2295  1075     0   592]
[   70     0     0   440    34     0    27]
[ 1812   212   680     5  1090     0  1687]]

===== Evaluación ./checkpoints_birds/fase1_MViT/pdan_MViT_2_l5_f512/pdan_MViT_2_l5_f512_best_map.pt =====

---- Split: Validation ----
Tracks (45)
mAP: 51.51% | wAP: 68.91% | Acc: 71.23% | F1w: 69.87%

Matriz de confusión:
[[11263     0   176   728    58     0   334]
[  427  1494    52    97   439     0    66]
[  230     0  2791     0     0     0     0]
[  549     0     0  1613   320     0   407]
[ 1235    10     0   717   395     0   190]
[   16     0     0   229     4     0     0]
[  360     0    85   248   480     0   907]]

---- Split: Test ----
Tracks (51)
mAP: 40.71% | wAP: 57.04% | Acc: 52.41% | F1w: 49.36%

Matriz de confusión:
[[9612    0  287 2115  148    0  767]
[  89 1254   16    0   78    0  176]
[1056   73  606    0    0    0    0]
[ 982    0    0 1495  272    0   30]
[1631    0    0 1751  554    0    0]
[ 181    0    0  123   18    0    0]
[1569  529  643    4  178    0  483]]

---- Split: Combined ----
Tracks (96)
mAP: 46.93% | wAP: 63.14% | Acc: 61.68% | F1w: 59.56%

Matriz de confusión:
[[20875     0   463  2843   206     0  1101]
[  516  2748    68    97   517     0   242]
[ 1286    73  3397     0     0     0     0]
[ 1531     0     0  3108   592     0   437]
[ 2866    10     0  2468   949     0   190]
[  197     0     0   352    22     0     0]
[ 1929   529   728   252   658     0  1390]]

===== Evaluación ./checkpoints_birds/fase1_MViT/pdan_MViT_2_l5_f768/pdan_MViT_2_l5_f768_best_map.pt =====

---- Split: Validation ----
Tracks (45)
mAP: 50.01% | wAP: 68.84% | Acc: 66.22% | F1w: 64.93%

Matriz de confusión:
[[10902    16    80   487   118     0   956]
[  436   880    52   174   369     0   664]
[  230     0  2791     0     0     0     0]
[  913     0     0  1133   322     0   521]
[ 1167     0     0   586   357     0   437]
[    0     0     0   245     4     0     0]
[  304     0    85    63   526     0  1102]]

---- Split: Test ----
Tracks (51)
mAP: 39.97% | wAP: 57.06% | Acc: 50.87% | F1w: 49.46%

Matriz de confusión:
[[9119    0    0 1830  521    0 1459]
[   0  995   16   16  320    0  266]
[1025  121  589    0    0    0    0]
[ 893    0    0 1709  119    0   58]
[1120    0    0 1823  570    0  423]
[  34    0    0  270   18    0    0]
[1473  100  707    0  516    0  610]]

---- Split: Combined ----
Tracks (96)
mAP: 45.55% | wAP: 62.55% | Acc: 58.43% | F1w: 57.55%

Matriz de confusión:
[[20021    16    80  2317   639     0  2415]
[  436  1875    68   190   689     0   930]
[ 1255   121  3380     0     0     0     0]
[ 1806     0     0  2842   441     0   579]
[ 2287     0     0  2409   927     0   860]
[   34     0     0   515    22     0     0]
[ 1777   100   792    63  1042     0  1712]]

===== Evaluación ./checkpoints_birds/fase1_MViT/pdan_MViT_2_l5_f768/pdan_MViT_2_l5_f768_best_map.pt =====

===== Evaluación ./checkpoints_birds/fase1_MViT/pdan_MViT_2_l7_f384/pdan_MViT_2_l7_f384_best_map.pt =====

---- Split: Validation ----
Tracks (45)
mAP: 47.24% | wAP: 67.11% | Acc: 61.37% | F1w: 60.29%

Matriz de confusión:
[[9819  144  665  631  136    0 1164]
[ 397  832  180    0  566    0  600]
[ 107   32 2882    0    0    0    0]
[ 854    0    0  921  576    0  538]
[1035    0    0  754  398    0  360]
[  16    0    0  170    4    0   59]
[ 348  400   97  100   80    0 1055]]

---- Split: Test ----
Tracks (51)
mAP: 27.17% | wAP: 45.40% | Acc: 34.29% | F1w: 34.16%

Matriz de confusión:
[[5893  184 1919 3298 1587    0   48]
[ 266  480  769    0   98    0    0]
[ 480    3 1140  112    0    0    0]
[ 664    0    0 1220  895    0    0]
[ 950  122    0 2435  429    0    0]
[ 156   30    0  123   13    0    0]
[ 919  269  668  300 1250    0    0]]

---- Split: Combined ----
Tracks (96)
mAP: 38.49% | wAP: 56.38% | Acc: 47.62% | F1w: 47.71%

Matriz de confusión:
[[15712   328  2584  3929  1723     0  1212]
[  663  1312   949     0   664     0   600]
[  587    35  4022   112     0     0     0]
[ 1518     0     0  2141  1471     0   538]
[ 1985   122     0  3189   827     0   360]
[  172    30     0   293    17     0    59]
[ 1267   669   765   400  1330     0  1055]]

===== Evaluación ./checkpoints_birds/fase1_MViT/pdan_MViT_3_l5_f512/pdan_MViT_3_l5_f512_best_map.pt =====

---- Split: Validation ----
Tracks (45)
mAP: 43.45% | wAP: 63.43% | Acc: 65.91% | F1w: 63.03%

Matriz de confusión:
[[10396     0   800   711     0     0   652]
[  754  1256    52   209   176     0   128]
[   23     0  2998     0     0     0     0]
[  905     0     0  1431     0     0   553]
[ 1355    88     0   912     0     0   192]
[   16     0     0   233     0     0     0]
[  327     0   118   104   528     0  1003]]

---- Split: Test ----
Tracks (51)
mAP: 37.16% | wAP: 52.86% | Acc: 45.23% | F1w: 43.04%

Matriz de confusión:
[[8910    0 1647 1596  612    0  164]
[  19  931   16  295  238    0  114]
[1200   41  494    0    0    0    0]
[1538    0    0  868  373    0    0]
[2233    0    0 1234  469    0    0]
[ 185    0    0  107   18    0   12]
[1547  212  595  524  114    0  414]]

---- Split: Combined ----
Tracks (96)
mAP: 39.65% | wAP: 56.71% | Acc: 55.41% | F1w: 52.97%

Matriz de confusión:
[[19306     0  2447  2307   612     0   816]
[  773  2187    68   504   414     0   242]
[ 1223    41  3492     0     0     0     0]
[ 2443     0     0  2299   373     0   553]
[ 3588    88     0  2146   469     0   192]
[  201     0     0   340    18     0    12]
[ 1874   212   713   628   642     0  1417]]

